"P21502_226","10425"
